solid
facet normal 13.274233 13.274233 13.274233
	outer loop
		vertex -4.2976627 -4.2976627 -7.941045
		vertex -4.2976627 -7.941045 -4.2976627
		vertex -7.941045 -4.2976627 -4.2976627
	endloop
endfacet
facet normal 13.942621 9.316161 3.1895778
	outer loop
		vertex -7.071068 -7.071068 0.0000000000000006123234
		vertex -9.238795 -3.8268344 0.0000000000000006123234
		vertex -7.941045 -4.2976627 -4.2976627
	endloop
endfacet
facet normal 9.316162 13.942621 3.189578
	outer loop
		vertex -4.2976627 -7.941045 -4.2976627
		vertex -3.8268344 -9.238795 0.0000000000000006123234
		vertex -7.071068 -7.071068 0.0000000000000006123234
	endloop
endfacet
facet normal 15.658028 15.658028 6.934916
	outer loop
		vertex -7.071068 -7.071068 0.0000000000000006123234
		vertex -7.941045 -4.2976627 -4.2976627
		vertex -4.2976627 -7.941045 -4.2976627
	endloop
endfacet
facet normal 13.942621 3.189578 9.316162
	outer loop
		vertex -7.941045 -4.2976627 -4.2976627
		vertex -9.238795 0.0000000000000006123234 -3.8268344
		vertex -7.071068 0.0000000000000006123234 -7.071068
	endloop
endfacet
facet normal 15.658028 6.9349155 15.658028
	outer loop
		vertex -7.941045 -4.2976627 -4.2976627
		vertex -7.071068 0.0000000000000006123234 -7.071068
		vertex -4.2976627 -4.2976627 -7.941045
	endloop
endfacet
facet normal 9.316161 3.189578 13.942621
	outer loop
		vertex -3.8268344 0.0000000000000006123234 -9.238795
		vertex -4.2976627 -4.2976627 -7.941045
		vertex -7.071068 0.0000000000000006123234 -7.071068
	endloop
endfacet
facet normal 18.248226 4.966276 4.966276
	outer loop
		vertex -9.238795 -3.8268344 0.0000000000000006123234
		vertex -9.238795 0.0000000000000006123234 -3.8268344
		vertex -7.941045 -4.2976627 -4.2976627
	endloop
endfacet
facet normal 14.644662 2.9130044 2.9130044
	outer loop
		vertex -9.238795 -3.8268344 0.0000000000000006123234
		vertex -10 0.0000000000000006123234 0.0000000000000006123234
		vertex -9.238795 0.0000000000000006123234 -3.8268344
	endloop
endfacet
facet normal 6.9349155 15.658028 15.658028
	outer loop
		vertex -4.2976627 -4.2976627 -7.941045
		vertex 0.0000000000000006123234 -7.071068 -7.071068
		vertex -4.2976627 -7.941045 -4.2976627
	endloop
endfacet
facet normal 3.1895778 13.942621 9.316161
	outer loop
		vertex 0.0000000000000006123234 -7.071068 -7.071068
		vertex 0.0000000000000006123234 -9.238795 -3.8268344
		vertex -4.2976627 -7.941045 -4.2976627
	endloop
endfacet
facet normal 3.189578 9.316161 13.942621
	outer loop
		vertex 0.0000000000000006123234 -3.8268344 -9.238795
		vertex 0.0000000000000006123234 -7.071068 -7.071068
		vertex -4.2976627 -4.2976627 -7.941045
	endloop
endfacet
facet normal 4.966276 18.248226 4.966276
	outer loop
		vertex -4.2976627 -7.941045 -4.2976627
		vertex 0.0000000000000006123234 -9.238795 -3.8268344
		vertex -3.8268344 -9.238795 0.0000000000000006123234
	endloop
endfacet
facet normal 2.9130044 14.644662 2.9130044
	outer loop
		vertex 0.0000000000000006123234 -9.238795 -3.8268344
		vertex 0.0000000000000006123234 -10 0.0000000000000006123234
		vertex -3.8268344 -9.238795 0.0000000000000006123234
	endloop
endfacet
facet normal 4.966276 4.966276 18.248226
	outer loop
		vertex -3.8268344 0.0000000000000006123234 -9.238795
		vertex 0.0000000000000006123234 -3.8268344 -9.238795
		vertex -4.2976627 -4.2976627 -7.941045
	endloop
endfacet
facet normal 2.9130044 2.9130044 14.644662
	outer loop
		vertex -3.8268344 0.0000000000000006123234 -9.238795
		vertex 0.0000000000000006123234 0.0000000000000006123234 -10
		vertex 0.0000000000000006123234 -3.8268344 -9.238795
	endloop
endfacet
facet normal 13.942621 9.316162 -3.189578
	outer loop
		vertex -7.941045 -4.2976627 4.2976627
		vertex -9.238795 -3.8268344 0.0000000000000006123234
		vertex -7.071068 -7.071068 0.0000000000000006123234
	endloop
endfacet
facet normal 9.316161 13.942621 -3.189578
	outer loop
		vertex -3.8268344 -9.238795 0.0000000000000006123234
		vertex -4.2976627 -7.941045 4.2976627
		vertex -7.071068 -7.071068 0.0000000000000006123234
	endloop
endfacet
facet normal 15.658028 15.658028 -6.9349155
	outer loop
		vertex -7.941045 -4.2976627 4.2976627
		vertex -7.071068 -7.071068 0.0000000000000006123234
		vertex -4.2976627 -7.941045 4.2976627
	endloop
endfacet
facet normal 13.274233 13.274233 -13.274233
	outer loop
		vertex -4.2976627 -7.941045 4.2976627
		vertex -4.2976627 -4.2976627 7.941045
		vertex -7.941045 -4.2976627 4.2976627
	endloop
endfacet
facet normal 18.248226 4.966276 -4.966276
	outer loop
		vertex -9.238795 0.0000000000000006123234 3.8268344
		vertex -9.238795 -3.8268344 0.0000000000000006123234
		vertex -7.941045 -4.2976627 4.2976627
	endloop
endfacet
facet normal 14.644662 2.9130044 -2.9130044
	outer loop
		vertex -9.238795 0.0000000000000006123234 3.8268344
		vertex -10 0.0000000000000006123234 0.0000000000000006123234
		vertex -9.238795 -3.8268344 0.0000000000000006123234
	endloop
endfacet
facet normal 13.942621 3.1895778 -9.316161
	outer loop
		vertex -7.071068 0.0000000000000006123234 7.071068
		vertex -9.238795 0.0000000000000006123234 3.8268344
		vertex -7.941045 -4.2976627 4.2976627
	endloop
endfacet
facet normal 15.658028 6.934916 -15.658028
	outer loop
		vertex -7.071068 0.0000000000000006123234 7.071068
		vertex -7.941045 -4.2976627 4.2976627
		vertex -4.2976627 -4.2976627 7.941045
	endloop
endfacet
facet normal 9.316162 3.189578 -13.942621
	outer loop
		vertex -4.2976627 -4.2976627 7.941045
		vertex -3.8268344 0.0000000000000006123234 9.238795
		vertex -7.071068 0.0000000000000006123234 7.071068
	endloop
endfacet
facet normal 4.966276 18.248226 -4.966276
	outer loop
		vertex -3.8268344 -9.238795 0.0000000000000006123234
		vertex 0.0000000000000006123234 -9.238795 3.8268344
		vertex -4.2976627 -7.941045 4.2976627
	endloop
endfacet
facet normal 2.9130044 14.644662 -2.9130044
	outer loop
		vertex -3.8268344 -9.238795 0.0000000000000006123234
		vertex 0.0000000000000006123234 -10 0.0000000000000006123234
		vertex 0.0000000000000006123234 -9.238795 3.8268344
	endloop
endfacet
facet normal 6.9349155 15.658028 -15.658028
	outer loop
		vertex -4.2976627 -7.941045 4.2976627
		vertex 0.0000000000000006123234 -7.071068 7.071068
		vertex -4.2976627 -4.2976627 7.941045
	endloop
endfacet
facet normal 3.189578 13.942621 -9.316161
	outer loop
		vertex 0.0000000000000006123234 -9.238795 3.8268344
		vertex 0.0000000000000006123234 -7.071068 7.071068
		vertex -4.2976627 -7.941045 4.2976627
	endloop
endfacet
facet normal 3.1895778 9.316161 -13.942621
	outer loop
		vertex 0.0000000000000006123234 -7.071068 7.071068
		vertex 0.0000000000000006123234 -3.8268344 9.238795
		vertex -4.2976627 -4.2976627 7.941045
	endloop
endfacet
facet normal 4.966276 4.966276 -18.248226
	outer loop
		vertex -4.2976627 -4.2976627 7.941045
		vertex 0.0000000000000006123234 -3.8268344 9.238795
		vertex -3.8268344 0.0000000000000006123234 9.238795
	endloop
endfacet
facet normal 2.9130044 2.9130044 -14.644662
	outer loop
		vertex 0.0000000000000006123234 -3.8268344 9.238795
		vertex 0.0000000000000006123234 0.0000000000000006123234 10
		vertex -3.8268344 0.0000000000000006123234 9.238795
	endloop
endfacet
facet normal 13.942621 -3.1895778 9.316161
	outer loop
		vertex -7.071068 0.0000000000000006123234 -7.071068
		vertex -9.238795 0.0000000000000006123234 -3.8268344
		vertex -7.941045 4.2976627 -4.2976627
	endloop
endfacet
facet normal 9.316161 -3.189578 13.942621
	outer loop
		vertex -3.8268344 0.0000000000000006123234 -9.238795
		vertex -7.071068 0.0000000000000006123234 -7.071068
		vertex -4.2976627 4.2976627 -7.941045
	endloop
endfacet
facet normal 15.658028 -6.9349155 15.658028
	outer loop
		vertex -4.2976627 4.2976627 -7.941045
		vertex -7.071068 0.0000000000000006123234 -7.071068
		vertex -7.941045 4.2976627 -4.2976627
	endloop
endfacet
facet normal 14.644662 -2.9130044 2.9130044
	outer loop
		vertex -9.238795 0.0000000000000006123234 -3.8268344
		vertex -10 0.0000000000000006123234 0.0000000000000006123234
		vertex -9.238795 3.8268344 0.0000000000000006123234
	endloop
endfacet
facet normal 18.248226 -4.966276 4.966276
	outer loop
		vertex -7.941045 4.2976627 -4.2976627
		vertex -9.238795 0.0000000000000006123234 -3.8268344
		vertex -9.238795 3.8268344 0.0000000000000006123234
	endloop
endfacet
facet normal 13.274233 -13.274233 13.274233
	outer loop
		vertex -4.2976627 4.2976627 -7.941045
		vertex -7.941045 4.2976627 -4.2976627
		vertex -4.2976627 7.941045 -4.2976627
	endloop
endfacet
facet normal 13.942621 -9.316162 3.189578
	outer loop
		vertex -7.941045 4.2976627 -4.2976627
		vertex -9.238795 3.8268344 0.0000000000000006123234
		vertex -7.071068 7.071068 0.0000000000000006123234
	endloop
endfacet
facet normal 15.658028 -15.658028 6.934916
	outer loop
		vertex -7.071068 7.071068 0.0000000000000006123234
		vertex -4.2976627 7.941045 -4.2976627
		vertex -7.941045 4.2976627 -4.2976627
	endloop
endfacet
facet normal 9.316161 -13.942621 3.1895778
	outer loop
		vertex -7.071068 7.071068 0.0000000000000006123234
		vertex -3.8268344 9.238795 0.0000000000000006123234
		vertex -4.2976627 7.941045 -4.2976627
	endloop
endfacet
facet normal 4.966276 -4.966276 18.248226
	outer loop
		vertex 0.0000000000000006123234 3.8268344 -9.238795
		vertex -3.8268344 0.0000000000000006123234 -9.238795
		vertex -4.2976627 4.2976627 -7.941045
	endloop
endfacet
facet normal 2.9130044 -2.9130044 14.644662
	outer loop
		vertex 0.0000000000000006123234 3.8268344 -9.238795
		vertex 0.0000000000000006123234 0.0000000000000006123234 -10
		vertex -3.8268344 0.0000000000000006123234 -9.238795
	endloop
endfacet
facet normal 6.9349155 -15.658028 15.658028
	outer loop
		vertex -4.2976627 7.941045 -4.2976627
		vertex 0.0000000000000006123234 7.071068 -7.071068
		vertex -4.2976627 4.2976627 -7.941045
	endloop
endfacet
facet normal 3.189578 -9.316161 13.942621
	outer loop
		vertex 0.0000000000000006123234 3.8268344 -9.238795
		vertex -4.2976627 4.2976627 -7.941045
		vertex 0.0000000000000006123234 7.071068 -7.071068
	endloop
endfacet
facet normal 3.189578 -13.942621 9.316162
	outer loop
		vertex -4.2976627 7.941045 -4.2976627
		vertex 0.0000000000000006123234 9.238795 -3.8268344
		vertex 0.0000000000000006123234 7.071068 -7.071068
	endloop
endfacet
facet normal 4.966276 -18.248226 4.966276
	outer loop
		vertex -3.8268344 9.238795 0.0000000000000006123234
		vertex 0.0000000000000006123234 9.238795 -3.8268344
		vertex -4.2976627 7.941045 -4.2976627
	endloop
endfacet
facet normal 2.9130044 -14.644662 2.9130044
	outer loop
		vertex -3.8268344 9.238795 0.0000000000000006123234
		vertex 0.0000000000000006123234 10 0.0000000000000006123234
		vertex 0.0000000000000006123234 9.238795 -3.8268344
	endloop
endfacet
facet normal 14.644662 -2.9130044 -2.9130044
	outer loop
		vertex -9.238795 3.8268344 0.0000000000000006123234
		vertex -10 0.0000000000000006123234 0.0000000000000006123234
		vertex -9.238795 0.0000000000000006123234 3.8268344
	endloop
endfacet
facet normal 18.248226 -4.966276 -4.966276
	outer loop
		vertex -9.238795 3.8268344 0.0000000000000006123234
		vertex -9.238795 0.0000000000000006123234 3.8268344
		vertex -7.941045 4.2976627 4.2976627
	endloop
endfacet
facet normal 13.942621 -3.189578 -9.316161
	outer loop
		vertex -9.238795 0.0000000000000006123234 3.8268344
		vertex -7.071068 0.0000000000000006123234 7.071068
		vertex -7.941045 4.2976627 4.2976627
	endloop
endfacet
facet normal 9.316161 -3.1895778 -13.942621
	outer loop
		vertex -7.071068 0.0000000000000006123234 7.071068
		vertex -3.8268344 0.0000000000000006123234 9.238795
		vertex -4.2976627 4.2976627 7.941045
	endloop
endfacet
facet normal 15.658028 -6.9349155 -15.658028
	outer loop
		vertex -7.941045 4.2976627 4.2976627
		vertex -7.071068 0.0000000000000006123234 7.071068
		vertex -4.2976627 4.2976627 7.941045
	endloop
endfacet
facet normal 13.942621 -9.316161 -3.189578
	outer loop
		vertex -9.238795 3.8268344 0.0000000000000006123234
		vertex -7.941045 4.2976627 4.2976627
		vertex -7.071068 7.071068 0.0000000000000006123234
	endloop
endfacet
facet normal 15.658028 -15.658028 -6.9349155
	outer loop
		vertex -4.2976627 7.941045 4.2976627
		vertex -7.071068 7.071068 0.0000000000000006123234
		vertex -7.941045 4.2976627 4.2976627
	endloop
endfacet
facet normal 9.316162 -13.942621 -3.189578
	outer loop
		vertex -4.2976627 7.941045 4.2976627
		vertex -3.8268344 9.238795 0.0000000000000006123234
		vertex -7.071068 7.071068 0.0000000000000006123234
	endloop
endfacet
facet normal 13.274233 -13.274233 -13.274233
	outer loop
		vertex -7.941045 4.2976627 4.2976627
		vertex -4.2976627 4.2976627 7.941045
		vertex -4.2976627 7.941045 4.2976627
	endloop
endfacet
facet normal 4.966276 -4.966276 -18.248226
	outer loop
		vertex -4.2976627 4.2976627 7.941045
		vertex -3.8268344 0.0000000000000006123234 9.238795
		vertex 0.0000000000000006123234 3.8268344 9.238795
	endloop
endfacet
facet normal 2.9130044 -2.9130044 -14.644662
	outer loop
		vertex -3.8268344 0.0000000000000006123234 9.238795
		vertex 0.0000000000000006123234 0.0000000000000006123234 10
		vertex 0.0000000000000006123234 3.8268344 9.238795
	endloop
endfacet
facet normal 4.966276 -18.248226 -4.966276
	outer loop
		vertex 0.0000000000000006123234 9.238795 3.8268344
		vertex -3.8268344 9.238795 0.0000000000000006123234
		vertex -4.2976627 7.941045 4.2976627
	endloop
endfacet
facet normal 2.9130044 -14.644662 -2.9130044
	outer loop
		vertex 0.0000000000000006123234 9.238795 3.8268344
		vertex 0.0000000000000006123234 10 0.0000000000000006123234
		vertex -3.8268344 9.238795 0.0000000000000006123234
	endloop
endfacet
facet normal 6.934916 -15.658028 -15.658028
	outer loop
		vertex 0.0000000000000006123234 7.071068 7.071068
		vertex -4.2976627 7.941045 4.2976627
		vertex -4.2976627 4.2976627 7.941045
	endloop
endfacet
facet normal 3.189578 -9.316162 -13.942621
	outer loop
		vertex -4.2976627 4.2976627 7.941045
		vertex 0.0000000000000006123234 3.8268344 9.238795
		vertex 0.0000000000000006123234 7.071068 7.071068
	endloop
endfacet
facet normal 3.1895778 -13.942621 -9.316161
	outer loop
		vertex 0.0000000000000006123234 7.071068 7.071068
		vertex 0.0000000000000006123234 9.238795 3.8268344
		vertex -4.2976627 7.941045 4.2976627
	endloop
endfacet
facet normal -3.189578 13.942621 9.316162
	outer loop
		vertex 4.2976627 -7.941045 -4.2976627
		vertex 0.0000000000000006123234 -9.238795 -3.8268344
		vertex 0.0000000000000006123234 -7.071068 -7.071068
	endloop
endfacet
facet normal -3.189578 9.316161 13.942621
	outer loop
		vertex 0.0000000000000006123234 -3.8268344 -9.238795
		vertex 4.2976627 -4.2976627 -7.941045
		vertex 0.0000000000000006123234 -7.071068 -7.071068
	endloop
endfacet
facet normal -6.9349155 15.658028 15.658028
	outer loop
		vertex 4.2976627 -7.941045 -4.2976627
		vertex 0.0000000000000006123234 -7.071068 -7.071068
		vertex 4.2976627 -4.2976627 -7.941045
	endloop
endfacet
facet normal -2.9130044 14.644662 2.9130044
	outer loop
		vertex 3.8268344 -9.238795 0.0000000000000006123234
		vertex 0.0000000000000006123234 -10 0.0000000000000006123234
		vertex 0.0000000000000006123234 -9.238795 -3.8268344
	endloop
endfacet
facet normal -4.966276 18.248226 4.966276
	outer loop
		vertex 3.8268344 -9.238795 0.0000000000000006123234
		vertex 0.0000000000000006123234 -9.238795 -3.8268344
		vertex 4.2976627 -7.941045 -4.2976627
	endloop
endfacet
facet normal -2.9130044 2.9130044 14.644662
	outer loop
		vertex 0.0000000000000006123234 -3.8268344 -9.238795
		vertex 0.0000000000000006123234 0.0000000000000006123234 -10
		vertex 3.8268344 0.0000000000000006123234 -9.238795
	endloop
endfacet
facet normal -4.966276 4.966276 18.248226
	outer loop
		vertex 0.0000000000000006123234 -3.8268344 -9.238795
		vertex 3.8268344 0.0000000000000006123234 -9.238795
		vertex 4.2976627 -4.2976627 -7.941045
	endloop
endfacet
facet normal -13.274233 13.274233 13.274233
	outer loop
		vertex 4.2976627 -4.2976627 -7.941045
		vertex 7.941045 -4.2976627 -4.2976627
		vertex 4.2976627 -7.941045 -4.2976627
	endloop
endfacet
facet normal -9.316161 13.942621 3.1895778
	outer loop
		vertex 7.071068 -7.071068 0.0000000000000006123234
		vertex 3.8268344 -9.238795 0.0000000000000006123234
		vertex 4.2976627 -7.941045 -4.2976627
	endloop
endfacet
facet normal -15.658028 15.658028 6.934916
	outer loop
		vertex 7.071068 -7.071068 0.0000000000000006123234
		vertex 4.2976627 -7.941045 -4.2976627
		vertex 7.941045 -4.2976627 -4.2976627
	endloop
endfacet
facet normal -13.942621 9.316162 3.189578
	outer loop
		vertex 7.941045 -4.2976627 -4.2976627
		vertex 9.238795 -3.8268344 0.0000000000000006123234
		vertex 7.071068 -7.071068 0.0000000000000006123234
	endloop
endfacet
facet normal -15.658028 6.9349155 15.658028
	outer loop
		vertex 4.2976627 -4.2976627 -7.941045
		vertex 7.071068 0.0000000000000006123234 -7.071068
		vertex 7.941045 -4.2976627 -4.2976627
	endloop
endfacet
facet normal -9.316161 3.189578 13.942621
	outer loop
		vertex 3.8268344 0.0000000000000006123234 -9.238795
		vertex 7.071068 0.0000000000000006123234 -7.071068
		vertex 4.2976627 -4.2976627 -7.941045
	endloop
endfacet
facet normal -13.942621 3.1895778 9.316161
	outer loop
		vertex 7.071068 0.0000000000000006123234 -7.071068
		vertex 9.238795 0.0000000000000006123234 -3.8268344
		vertex 7.941045 -4.2976627 -4.2976627
	endloop
endfacet
facet normal -18.248226 4.966276 4.966276
	outer loop
		vertex 7.941045 -4.2976627 -4.2976627
		vertex 9.238795 0.0000000000000006123234 -3.8268344
		vertex 9.238795 -3.8268344 0.0000000000000006123234
	endloop
endfacet
facet normal -14.644662 2.9130044 2.9130044
	outer loop
		vertex 9.238795 0.0000000000000006123234 -3.8268344
		vertex 10 0.0000000000000006123234 0.0000000000000006123234
		vertex 9.238795 -3.8268344 0.0000000000000006123234
	endloop
endfacet
facet normal -2.9130044 14.644662 -2.9130044
	outer loop
		vertex 0.0000000000000006123234 -9.238795 3.8268344
		vertex 0.0000000000000006123234 -10 0.0000000000000006123234
		vertex 3.8268344 -9.238795 0.0000000000000006123234
	endloop
endfacet
facet normal -4.966276 18.248226 -4.966276
	outer loop
		vertex 0.0000000000000006123234 -9.238795 3.8268344
		vertex 3.8268344 -9.238795 0.0000000000000006123234
		vertex 4.2976627 -7.941045 4.2976627
	endloop
endfacet
facet normal -3.1895778 13.942621 -9.316161
	outer loop
		vertex 0.0000000000000006123234 -7.071068 7.071068
		vertex 0.0000000000000006123234 -9.238795 3.8268344
		vertex 4.2976627 -7.941045 4.2976627
	endloop
endfacet
facet normal -3.189578 9.316162 -13.942621
	outer loop
		vertex 4.2976627 -4.2976627 7.941045
		vertex 0.0000000000000006123234 -3.8268344 9.238795
		vertex 0.0000000000000006123234 -7.071068 7.071068
	endloop
endfacet
facet normal -6.934916 15.658028 -15.658028
	outer loop
		vertex 0.0000000000000006123234 -7.071068 7.071068
		vertex 4.2976627 -7.941045 4.2976627
		vertex 4.2976627 -4.2976627 7.941045
	endloop
endfacet
facet normal -2.9130044 2.9130044 -14.644662
	outer loop
		vertex 3.8268344 0.0000000000000006123234 9.238795
		vertex 0.0000000000000006123234 0.0000000000000006123234 10
		vertex 0.0000000000000006123234 -3.8268344 9.238795
	endloop
endfacet
facet normal -4.966276 4.966276 -18.248226
	outer loop
		vertex 4.2976627 -4.2976627 7.941045
		vertex 3.8268344 0.0000000000000006123234 9.238795
		vertex 0.0000000000000006123234 -3.8268344 9.238795
	endloop
endfacet
facet normal -9.316162 13.942621 -3.189578
	outer loop
		vertex 4.2976627 -7.941045 4.2976627
		vertex 3.8268344 -9.238795 0.0000000000000006123234
		vertex 7.071068 -7.071068 0.0000000000000006123234
	endloop
endfacet
facet normal -15.658028 15.658028 -6.9349155
	outer loop
		vertex 4.2976627 -7.941045 4.2976627
		vertex 7.071068 -7.071068 0.0000000000000006123234
		vertex 7.941045 -4.2976627 4.2976627
	endloop
endfacet
facet normal -13.942621 9.316161 -3.189578
	outer loop
		vertex 9.238795 -3.8268344 0.0000000000000006123234
		vertex 7.941045 -4.2976627 4.2976627
		vertex 7.071068 -7.071068 0.0000000000000006123234
	endloop
endfacet
facet normal -13.274233 13.274233 -13.274233
	outer loop
		vertex 7.941045 -4.2976627 4.2976627
		vertex 4.2976627 -4.2976627 7.941045
		vertex 4.2976627 -7.941045 4.2976627
	endloop
endfacet
facet normal -18.248226 4.966276 -4.966276
	outer loop
		vertex 9.238795 -3.8268344 0.0000000000000006123234
		vertex 9.238795 0.0000000000000006123234 3.8268344
		vertex 7.941045 -4.2976627 4.2976627
	endloop
endfacet
facet normal -14.644662 2.9130044 -2.9130044
	outer loop
		vertex 9.238795 -3.8268344 0.0000000000000006123234
		vertex 10 0.0000000000000006123234 0.0000000000000006123234
		vertex 9.238795 0.0000000000000006123234 3.8268344
	endloop
endfacet
facet normal -15.658028 6.9349155 -15.658028
	outer loop
		vertex 7.941045 -4.2976627 4.2976627
		vertex 7.071068 0.0000000000000006123234 7.071068
		vertex 4.2976627 -4.2976627 7.941045
	endloop
endfacet
facet normal -9.316161 3.1895778 -13.942621
	outer loop
		vertex 7.071068 0.0000000000000006123234 7.071068
		vertex 3.8268344 0.0000000000000006123234 9.238795
		vertex 4.2976627 -4.2976627 7.941045
	endloop
endfacet
facet normal -13.942621 3.189578 -9.316161
	outer loop
		vertex 9.238795 0.0000000000000006123234 3.8268344
		vertex 7.071068 0.0000000000000006123234 7.071068
		vertex 7.941045 -4.2976627 4.2976627
	endloop
endfacet
facet normal -2.9130044 -2.9130044 14.644662
	outer loop
		vertex 3.8268344 0.0000000000000006123234 -9.238795
		vertex 0.0000000000000006123234 0.0000000000000006123234 -10
		vertex 0.0000000000000006123234 3.8268344 -9.238795
	endloop
endfacet
facet normal -4.966276 -4.966276 18.248226
	outer loop
		vertex 3.8268344 0.0000000000000006123234 -9.238795
		vertex 0.0000000000000006123234 3.8268344 -9.238795
		vertex 4.2976627 4.2976627 -7.941045
	endloop
endfacet
facet normal -3.189578 -9.316161 13.942621
	outer loop
		vertex 0.0000000000000006123234 3.8268344 -9.238795
		vertex 0.0000000000000006123234 7.071068 -7.071068
		vertex 4.2976627 4.2976627 -7.941045
	endloop
endfacet
facet normal -3.1895778 -13.942621 9.316161
	outer loop
		vertex 0.0000000000000006123234 7.071068 -7.071068
		vertex 0.0000000000000006123234 9.238795 -3.8268344
		vertex 4.2976627 7.941045 -4.2976627
	endloop
endfacet
facet normal -6.9349155 -15.658028 15.658028
	outer loop
		vertex 4.2976627 4.2976627 -7.941045
		vertex 0.0000000000000006123234 7.071068 -7.071068
		vertex 4.2976627 7.941045 -4.2976627
	endloop
endfacet
facet normal -2.9130044 -14.644662 2.9130044
	outer loop
		vertex 0.0000000000000006123234 9.238795 -3.8268344
		vertex 0.0000000000000006123234 10 0.0000000000000006123234
		vertex 3.8268344 9.238795 0.0000000000000006123234
	endloop
endfacet
facet normal -4.966276 -18.248226 4.966276
	outer loop
		vertex 4.2976627 7.941045 -4.2976627
		vertex 0.0000000000000006123234 9.238795 -3.8268344
		vertex 3.8268344 9.238795 0.0000000000000006123234
	endloop
endfacet
facet normal -9.316161 -3.189578 13.942621
	outer loop
		vertex 3.8268344 0.0000000000000006123234 -9.238795
		vertex 4.2976627 4.2976627 -7.941045
		vertex 7.071068 0.0000000000000006123234 -7.071068
	endloop
endfacet
facet normal -15.658028 -6.9349155 15.658028
	outer loop
		vertex 7.941045 4.2976627 -4.2976627
		vertex 7.071068 0.0000000000000006123234 -7.071068
		vertex 4.2976627 4.2976627 -7.941045
	endloop
endfacet
facet normal -13.942621 -3.189578 9.316162
	outer loop
		vertex 7.941045 4.2976627 -4.2976627
		vertex 9.238795 0.0000000000000006123234 -3.8268344
		vertex 7.071068 0.0000000000000006123234 -7.071068
	endloop
endfacet
facet normal -14.644662 -2.9130044 2.9130044
	outer loop
		vertex 9.238795 3.8268344 0.0000000000000006123234
		vertex 10 0.0000000000000006123234 0.0000000000000006123234
		vertex 9.238795 0.0000000000000006123234 -3.8268344
	endloop
endfacet
facet normal -18.248226 -4.966276 4.966276
	outer loop
		vertex 9.238795 3.8268344 0.0000000000000006123234
		vertex 9.238795 0.0000000000000006123234 -3.8268344
		vertex 7.941045 4.2976627 -4.2976627
	endloop
endfacet
facet normal -13.274233 -13.274233 13.274233
	outer loop
		vertex 4.2976627 4.2976627 -7.941045
		vertex 4.2976627 7.941045 -4.2976627
		vertex 7.941045 4.2976627 -4.2976627
	endloop
endfacet
facet normal -15.658028 -15.658028 6.934916
	outer loop
		vertex 7.071068 7.071068 0.0000000000000006123234
		vertex 7.941045 4.2976627 -4.2976627
		vertex 4.2976627 7.941045 -4.2976627
	endloop
endfacet
facet normal -9.316162 -13.942621 3.189578
	outer loop
		vertex 4.2976627 7.941045 -4.2976627
		vertex 3.8268344 9.238795 0.0000000000000006123234
		vertex 7.071068 7.071068 0.0000000000000006123234
	endloop
endfacet
facet normal -13.942621 -9.316161 3.1895778
	outer loop
		vertex 7.071068 7.071068 0.0000000000000006123234
		vertex 9.238795 3.8268344 0.0000000000000006123234
		vertex 7.941045 4.2976627 -4.2976627
	endloop
endfacet
facet normal -2.9130044 -2.9130044 -14.644662
	outer loop
		vertex 0.0000000000000006123234 3.8268344 9.238795
		vertex 0.0000000000000006123234 0.0000000000000006123234 10
		vertex 3.8268344 0.0000000000000006123234 9.238795
	endloop
endfacet
facet normal -4.966276 -4.966276 -18.248226
	outer loop
		vertex 4.2976627 4.2976627 7.941045
		vertex 0.0000000000000006123234 3.8268344 9.238795
		vertex 3.8268344 0.0000000000000006123234 9.238795
	endloop
endfacet
facet normal -2.9130044 -14.644662 -2.9130044
	outer loop
		vertex 3.8268344 9.238795 0.0000000000000006123234
		vertex 0.0000000000000006123234 10 0.0000000000000006123234
		vertex 0.0000000000000006123234 9.238795 3.8268344
	endloop
endfacet
facet normal -4.966276 -18.248226 -4.966276
	outer loop
		vertex 3.8268344 9.238795 0.0000000000000006123234
		vertex 0.0000000000000006123234 9.238795 3.8268344
		vertex 4.2976627 7.941045 4.2976627
	endloop
endfacet
facet normal -3.1895778 -9.316161 -13.942621
	outer loop
		vertex 0.0000000000000006123234 7.071068 7.071068
		vertex 0.0000000000000006123234 3.8268344 9.238795
		vertex 4.2976627 4.2976627 7.941045
	endloop
endfacet
facet normal -3.189578 -13.942621 -9.316161
	outer loop
		vertex 0.0000000000000006123234 9.238795 3.8268344
		vertex 0.0000000000000006123234 7.071068 7.071068
		vertex 4.2976627 7.941045 4.2976627
	endloop
endfacet
facet normal -6.9349155 -15.658028 -15.658028
	outer loop
		vertex 4.2976627 7.941045 4.2976627
		vertex 0.0000000000000006123234 7.071068 7.071068
		vertex 4.2976627 4.2976627 7.941045
	endloop
endfacet
facet normal -14.644662 -2.9130044 -2.9130044
	outer loop
		vertex 9.238795 0.0000000000000006123234 3.8268344
		vertex 10 0.0000000000000006123234 0.0000000000000006123234
		vertex 9.238795 3.8268344 0.0000000000000006123234
	endloop
endfacet
facet normal -18.248226 -4.966276 -4.966276
	outer loop
		vertex 9.238795 0.0000000000000006123234 3.8268344
		vertex 9.238795 3.8268344 0.0000000000000006123234
		vertex 7.941045 4.2976627 4.2976627
	endloop
endfacet
facet normal -9.316162 -3.189578 -13.942621
	outer loop
		vertex 4.2976627 4.2976627 7.941045
		vertex 3.8268344 0.0000000000000006123234 9.238795
		vertex 7.071068 0.0000000000000006123234 7.071068
	endloop
endfacet
facet normal -15.658028 -6.934916 -15.658028
	outer loop
		vertex 7.071068 0.0000000000000006123234 7.071068
		vertex 7.941045 4.2976627 4.2976627
		vertex 4.2976627 4.2976627 7.941045
	endloop
endfacet
facet normal -13.942621 -3.1895778 -9.316161
	outer loop
		vertex 7.071068 0.0000000000000006123234 7.071068
		vertex 9.238795 0.0000000000000006123234 3.8268344
		vertex 7.941045 4.2976627 4.2976627
	endloop
endfacet
facet normal -15.658028 -15.658028 -6.9349155
	outer loop
		vertex 7.941045 4.2976627 4.2976627
		vertex 7.071068 7.071068 0.0000000000000006123234
		vertex 4.2976627 7.941045 4.2976627
	endloop
endfacet
facet normal -9.316161 -13.942621 -3.189578
	outer loop
		vertex 3.8268344 9.238795 0.0000000000000006123234
		vertex 4.2976627 7.941045 4.2976627
		vertex 7.071068 7.071068 0.0000000000000006123234
	endloop
endfacet
facet normal -13.942621 -9.316162 -3.189578
	outer loop
		vertex 7.941045 4.2976627 4.2976627
		vertex 9.238795 3.8268344 0.0000000000000006123234
		vertex 7.071068 7.071068 0.0000000000000006123234
	endloop
endfacet
facet normal -13.274233 -13.274233 -13.274233
	outer loop
		vertex 4.2976627 7.941045 4.2976627
		vertex 4.2976627 4.2976627 7.941045
		vertex 7.941045 4.2976627 4.2976627
	endloop
endfacet
endsolid
