-- Test --
        Test name: align_2d_multiplicity
  Expected result: ok
      Source file: ../books/language/src/libraries/std/ops/align.md:27
        Test path: ../books/language/src/libraries/std/ops/.test
      Banner file: ../books/language/src/libraries/std/ops/.test/align_2d_multiplicity.svg
         Log file: ../books/language/src/libraries/std/ops/.test/align_2d_multiplicity.log
 Output file stem: ../books/language/src/libraries/std/ops/.test/align_2d_multiplicity-out

-- Code --

  27:   use std::geo2d::*;
  28:   use std::ops::*;
  29:   use std::math::*;
  30:   
  31:   Rect(10mm).rotate([0..10] * 90° / 10).align(X, 4mm);

-- No Output --
-- No Errors --
-- Model --
  Group (root) ->
    Workpiece(op) std::ops::align(direction=(x=1, y=0, z=0), spacing=4mm) ->
      - direction = (x=1, y=0, z=0)
      - spacing = 4mm
      Operation __builtin::ops::align(spacing=4mm, x=1, y=0, z=0) ->
        Multiplicity ->
          Workpiece(op) std::ops::rotate(angle=0rad, axis=(x=0, y=0, z=1)) ->
            - matrix = Matrix3 [[1.0, 0.0, 0.0], [0.0, 1.0, 0.0], [0.0, 0.0, 1.0]]
            Transform __builtin::ops::rotate(matrix=Matrix3 [[1.0, 0.0, 0.0], [0.0, 1.0, 0.0], [0.0, 0.0, 1.0]]) ->
              Workpiece(sketch) std::geo2d::Rect(size=10mm) ->
                - height = 10mm
                - width = 10mm
                - x = -5mm
                - y = -5mm
                Primitive2D __builtin::geo2d::Rect(height=10mm, width=10mm, x=-5mm, y=-5mm) ->
          Workpiece(op) std::ops::rotate(angle=0.15707963267949rad, axis=(x=0, y=0, z=1)) ->
            - matrix = Matrix3 [[0.9876883405951378, 0.15643446504023087, 0.0], [-0.15643446504023087, 0.9876883405951378, 0.0], [0.0, 0.0, 1.0]]
            Transform __builtin::ops::rotate(matrix=Matrix3 [[0.9876883405951378, 0.15643446504023087, 0.0], [-0.15643446504023087, 0.9876883405951378, 0.0], [0.0, 0.0, 1.0]]) ->
              Workpiece(sketch) std::geo2d::Rect(size=10mm) ->
                - height = 10mm
                - width = 10mm
                - x = -5mm
                - y = -5mm
                Primitive2D __builtin::geo2d::Rect(height=10mm, width=10mm, x=-5mm, y=-5mm) ->
          Workpiece(op) std::ops::rotate(angle=0.31415926535898rad, axis=(x=0, y=0, z=1)) ->
            - matrix = Matrix3 [[0.9510565162951535, 0.3090169943749474, 0.0], [-0.3090169943749474, 0.9510565162951535, 0.0], [0.0, 0.0, 1.0]]
            Transform __builtin::ops::rotate(matrix=Matrix3 [[0.9510565162951535, 0.3090169943749474, 0.0], [-0.3090169943749474, 0.9510565162951535, 0.0], [0.0, 0.0, 1.0]]) ->
              Workpiece(sketch) std::geo2d::Rect(size=10mm) ->
                - height = 10mm
                - width = 10mm
                - x = -5mm
                - y = -5mm
                Primitive2D __builtin::geo2d::Rect(height=10mm, width=10mm, x=-5mm, y=-5mm) ->
          Workpiece(op) std::ops::rotate(angle=0.47123889803847rad, axis=(x=0, y=0, z=1)) ->
            - matrix = Matrix3 [[0.8910065241883679, 0.45399049973954675, 0.0], [-0.45399049973954675, 0.8910065241883679, 0.0], [0.0, 0.0, 1.0]]
            Transform __builtin::ops::rotate(matrix=Matrix3 [[0.8910065241883679, 0.45399049973954675, 0.0], [-0.45399049973954675, 0.8910065241883679, 0.0], [0.0, 0.0, 1.0]]) ->
              Workpiece(sketch) std::geo2d::Rect(size=10mm) ->
                - height = 10mm
                - width = 10mm
                - x = -5mm
                - y = -5mm
                Primitive2D __builtin::geo2d::Rect(height=10mm, width=10mm, x=-5mm, y=-5mm) ->
          Workpiece(op) std::ops::rotate(angle=0.62831853071796rad, axis=(x=0, y=0, z=1)) ->
            - matrix = Matrix3 [[0.8090169943749475, 0.5877852522924731, 0.0], [-0.5877852522924731, 0.8090169943749475, 0.0], [0.0, 0.0, 1.0]]
            Transform __builtin::ops::rotate(matrix=Matrix3 [[0.8090169943749475, 0.5877852522924731, 0.0], [-0.5877852522924731, 0.8090169943749475, 0.0], [0.0, 0.0, 1.0]]) ->
              Workpiece(sketch) std::geo2d::Rect(size=10mm) ->
                - height = 10mm
                - width = 10mm
                - x = -5mm
                - y = -5mm
                Primitive2D __builtin::geo2d::Rect(height=10mm, width=10mm, x=-5mm, y=-5mm) ->
          Workpiece(op) std::ops::rotate(angle=0.78539816339745rad, axis=(x=0, y=0, z=1)) ->
            - matrix = Matrix3 [[0.7071067811865476, 0.7071067811865475, 0.0], [-0.7071067811865475, 0.7071067811865476, 0.0], [0.0, 0.0, 1.0]]
            Transform __builtin::ops::rotate(matrix=Matrix3 [[0.7071067811865476, 0.7071067811865475, 0.0], [-0.7071067811865475, 0.7071067811865476, 0.0], [0.0, 0.0, 1.0]]) ->
              Workpiece(sketch) std::geo2d::Rect(size=10mm) ->
                - height = 10mm
                - width = 10mm
                - x = -5mm
                - y = -5mm
                Primitive2D __builtin::geo2d::Rect(height=10mm, width=10mm, x=-5mm, y=-5mm) ->
          Workpiece(op) std::ops::rotate(angle=0.94247779607694rad, axis=(x=0, y=0, z=1)) ->
            - matrix = Matrix3 [[0.5877852522924731, 0.8090169943749475, 0.0], [-0.8090169943749475, 0.5877852522924731, 0.0], [0.0, 0.0, 1.0]]
            Transform __builtin::ops::rotate(matrix=Matrix3 [[0.5877852522924731, 0.8090169943749475, 0.0], [-0.8090169943749475, 0.5877852522924731, 0.0], [0.0, 0.0, 1.0]]) ->
              Workpiece(sketch) std::geo2d::Rect(size=10mm) ->
                - height = 10mm
                - width = 10mm
                - x = -5mm
                - y = -5mm
                Primitive2D __builtin::geo2d::Rect(height=10mm, width=10mm, x=-5mm, y=-5mm) ->
          Workpiece(op) std::ops::rotate(angle=1.09955742875643rad, axis=(x=0, y=0, z=1)) ->
            - matrix = Matrix3 [[0.4539904997395468, 0.8910065241883678, 0.0], [-0.8910065241883678, 0.4539904997395468, 0.0], [0.0, 0.0, 1.0]]
            Transform __builtin::ops::rotate(matrix=Matrix3 [[0.4539904997395468, 0.8910065241883678, 0.0], [-0.8910065241883678, 0.4539904997395468, 0.0], [0.0, 0.0, 1.0]]) ->
              Workpiece(sketch) std::geo2d::Rect(size=10mm) ->
                - height = 10mm
                - width = 10mm
                - x = -5mm
                - y = -5mm
                Primitive2D __builtin::geo2d::Rect(height=10mm, width=10mm, x=-5mm, y=-5mm) ->
          Workpiece(op) std::ops::rotate(angle=1.25663706143592rad, axis=(x=0, y=0, z=1)) ->
            - matrix = Matrix3 [[0.30901699437494745, 0.9510565162951535, 0.0], [-0.9510565162951535, 0.30901699437494745, 0.0], [0.0, 0.0, 1.0]]
            Transform __builtin::ops::rotate(matrix=Matrix3 [[0.30901699437494745, 0.9510565162951535, 0.0], [-0.9510565162951535, 0.30901699437494745, 0.0], [0.0, 0.0, 1.0]]) ->
              Workpiece(sketch) std::geo2d::Rect(size=10mm) ->
                - height = 10mm
                - width = 10mm
                - x = -5mm
                - y = -5mm
                Primitive2D __builtin::geo2d::Rect(height=10mm, width=10mm, x=-5mm, y=-5mm) ->
          Workpiece(op) std::ops::rotate(angle=1.41371669411541rad, axis=(x=0, y=0, z=1)) ->
            - matrix = Matrix3 [[0.15643446504023092, 0.9876883405951378, 0.0], [-0.9876883405951378, 0.15643446504023092, 0.0], [0.0, 0.0, 1.0]]
            Transform __builtin::ops::rotate(matrix=Matrix3 [[0.15643446504023092, 0.9876883405951378, 0.0], [-0.9876883405951378, 0.15643446504023092, 0.0], [0.0, 0.0, 1.0]]) ->
              Workpiece(sketch) std::geo2d::Rect(size=10mm) ->
                - height = 10mm
                - width = 10mm
                - x = -5mm
                - y = -5mm
                Primitive2D __builtin::geo2d::Rect(height=10mm, width=10mm, x=-5mm, y=-5mm) ->
          Workpiece(op) std::ops::rotate(angle=1.5707963267949rad, axis=(x=0, y=0, z=1)) ->
            - matrix = Matrix3 [[6.123233995736766e-17, 1.0, 0.0], [-1.0, 6.123233995736766e-17, 0.0], [0.0, 0.0, 1.0]]
            Transform __builtin::ops::rotate(matrix=Matrix3 [[6.123233995736766e-17, 1.0, 0.0], [-1.0, 6.123233995736766e-17, 0.0], [0.0, 0.0, 1.0]]) ->
              Workpiece(sketch) std::geo2d::Rect(size=10mm) ->
                - height = 10mm
                - width = 10mm
                - x = -5mm
                - y = -5mm
                Primitive2D __builtin::geo2d::Rect(height=10mm, width=10mm, x=-5mm, y=-5mm) ->

Export of "../books/language/src/libraries/std/ops/.test/align_2d_multiplicity-out.svg" successful.
-- Test Result --
OK
