
-- Test --
        Test name: dome
  Expected result: ok
      Source file: ../books/examples/src/dome.md:6
        Test path: ../books/examples/src/.test

-- Code --

   6:   // Copyright © 2025-2026 The µcad authors <info@microcad.xyz>
   7:   // SPDX-License-Identifier: AGPL-3.0-or-later
   8:   // file: dome.µcad
   9:   
  10:   use std::geo2d::*;
  11:   use std::ops::*;
  12:   
  13:   pub part Dome(size: Length, strut_width = 1mm) {
  14:       Rect(strut_width)
  15:           .translate(x = size)
  16:           .revolve(180°)
  17:           .rotate(x = -[0..6] * 180° / 6)
  18:           .rotate(z = [0..3] * 180° / 3);
  19:   }
  20:   
  21:   Dome(10mm, strut_width = 0.25mm);
  22:   

-- Model --
  Group (root) -> 3D (87ACCEF7B2EA39EF): Collection @0.25mm
    Workpiece(Part) <NO ID>::Dome(size=10mm, strut_width=0.25mm) -> 3D (87ACCEF7B2EA39EF): Collection @0.25mm
      - size = 10mm
      - strut_width = 0.25mm
      Multiplicity -> 3D (AD54D926778BB5C9): Collection @0.25mm
        Workpiece(Operation) std::ops::rotate(x=0°, y=0°, z=0rad) -> 3D (5E3C483E733DDCA): Mesh @0.25mm
          - matrix = Matrix3 [[1.0, 0.0, 0.0], [0.0, 1.0, 0.0], [0.0, 0.0, 1.0]]
          Transform __builtin::ops::rotate(matrix=Matrix3 [[1.0, 0.0, 0.0], [0.0, 1.0, 0.0], [0.0, 0.0, 1.0]]) -> 3D (F417C8F4678B0638): Mesh @0.25mm
            Multiplicity -> 3D (EDB6F29DEF0761B2): Collection @0.25mm
              Workpiece(Operation) std::ops::rotate(x=0rad, y=0°, z=0°) -> 3D (A638DD144C6DDFBB): Mesh @0.25mm
                - matrix = Matrix3 [[1.0, 0.0, 0.0], [0.0, 1.0, 0.0], [0.0, 0.0, 1.0]]
                Transform __builtin::ops::rotate(matrix=Matrix3 [[1.0, 0.0, 0.0], [0.0, 1.0, 0.0], [0.0, 0.0, 1.0]]) -> 3D (4C770FEECE635EC0): Mesh @0.25mm
                  Workpiece(Operation) std::ops::revolve(angle=180°) -> 3D (D32BA050F7EC873E): Mesh @0.25mm
                    - angle = 180°
                    Operation __builtin::ops::revolve(angle=180°) -> 3D (AFEE6AB5CCA1B78E): Mesh @0.25mm
                      Workpiece(Operation) std::ops::translate(x=10mm, y=0mm, z=0mm) -> 2D (1F793B3A04BA9046): MultiPolygon @0.25mm
                        - x = 10mm
                        - y = 0mm
                        - z = 0mm
                        Transform __builtin::ops::translate(x=10mm, y=0mm, z=0mm) -> 2D (2C6FAF7EC0867533): MultiPolygon @0.25mm
                          Workpiece(Sketch) std::geo2d::Rect(size=0.25mm) -> 2D (BDC2902BDB2DBA7): Rect @0.25mm
                            - height = 0.25mm
                            - width = 0.25mm
                            - x = -0.125mm
                            - y = -0.125mm
                            Primitive2D __builtin::geo2d::Rect(height=0.25mm, width=0.25mm, x=-0.125mm, y=-0.125mm) -> 2D (8A6DE5506EA3ED39): Rect @0.25mm
              Workpiece(Operation) std::ops::rotate(x=-0.5235987755983rad, y=0°, z=0°) -> 3D (57326843126C48E9): Mesh @0.25mm
                - matrix = Matrix3 [[1.0, 0.0, 0.0], [0.0, 0.8660254037844387, -0.49999999999999994], [0.0, 0.49999999999999994, 0.8660254037844387]]
                Transform __builtin::ops::rotate(matrix=Matrix3 [[1.0, 0.0, 0.0], [0.0, 0.8660254037844387, -0.49999999999999994], [0.0, 0.49999999999999994, 0.8660254037844387]]) -> 3D (30CE09F29F23611A): Mesh @0.25mm
                  Workpiece(Operation) std::ops::revolve(angle=180°) -> 3D (D32BA050F7EC873E): Mesh @0.25mm
                    - angle = 180°
                    Operation __builtin::ops::revolve(angle=180°) -> 3D (AFEE6AB5CCA1B78E): Mesh @0.25mm
                      Workpiece(Operation) std::ops::translate(x=10mm, y=0mm, z=0mm) -> 2D (1F793B3A04BA9046): MultiPolygon @0.25mm
                        - x = 10mm
                        - y = 0mm
                        - z = 0mm
                        Transform __builtin::ops::translate(x=10mm, y=0mm, z=0mm) -> 2D (2C6FAF7EC0867533): MultiPolygon @0.25mm
                          Workpiece(Sketch) std::geo2d::Rect(size=0.25mm) -> 2D (BDC2902BDB2DBA7): Rect @0.25mm
                            - height = 0.25mm
                            - width = 0.25mm
                            - x = -0.125mm
                            - y = -0.125mm
                            Primitive2D __builtin::geo2d::Rect(height=0.25mm, width=0.25mm, x=-0.125mm, y=-0.125mm) -> 2D (8A6DE5506EA3ED39): Rect @0.25mm
              Workpiece(Operation) std::ops::rotate(x=-1.0471975511966rad, y=0°, z=0°) -> 3D (AF71C9CD009EAD9E): Mesh @0.25mm
                - matrix = Matrix3 [[1.0, 0.0, 0.0], [0.0, 0.5000000000000001, -0.8660254037844386], [0.0, 0.8660254037844386, 0.5000000000000001]]
                Transform __builtin::ops::rotate(matrix=Matrix3 [[1.0, 0.0, 0.0], [0.0, 0.5000000000000001, -0.8660254037844386], [0.0, 0.8660254037844386, 0.5000000000000001]]) -> 3D (4514C7616AD3D270): Mesh @0.25mm
                  Workpiece(Operation) std::ops::revolve(angle=180°) -> 3D (D32BA050F7EC873E): Mesh @0.25mm
                    - angle = 180°
                    Operation __builtin::ops::revolve(angle=180°) -> 3D (AFEE6AB5CCA1B78E): Mesh @0.25mm
                      Workpiece(Operation) std::ops::translate(x=10mm, y=0mm, z=0mm) -> 2D (1F793B3A04BA9046): MultiPolygon @0.25mm
                        - x = 10mm
                        - y = 0mm
                        - z = 0mm
                        Transform __builtin::ops::translate(x=10mm, y=0mm, z=0mm) -> 2D (2C6FAF7EC0867533): MultiPolygon @0.25mm
                          Workpiece(Sketch) std::geo2d::Rect(size=0.25mm) -> 2D (BDC2902BDB2DBA7): Rect @0.25mm
                            - height = 0.25mm
                            - width = 0.25mm
                            - x = -0.125mm
                            - y = -0.125mm
                            Primitive2D __builtin::geo2d::Rect(height=0.25mm, width=0.25mm, x=-0.125mm, y=-0.125mm) -> 2D (8A6DE5506EA3ED39): Rect @0.25mm
              Workpiece(Operation) std::ops::rotate(x=-1.5707963267949rad, y=0°, z=0°) -> 3D (645F9DDD3BE04A24): Mesh @0.25mm
                - matrix = Matrix3 [[1.0, 0.0, 0.0], [0.0, 6.123233995736766e-17, -1.0], [0.0, 1.0, 6.123233995736766e-17]]
                Transform __builtin::ops::rotate(matrix=Matrix3 [[1.0, 0.0, 0.0], [0.0, 6.123233995736766e-17, -1.0], [0.0, 1.0, 6.123233995736766e-17]]) -> 3D (F2386616BF8AFA08): Mesh @0.25mm
                  Workpiece(Operation) std::ops::revolve(angle=180°) -> 3D (D32BA050F7EC873E): Mesh @0.25mm
                    - angle = 180°
                    Operation __builtin::ops::revolve(angle=180°) -> 3D (AFEE6AB5CCA1B78E): Mesh @0.25mm
                      Workpiece(Operation) std::ops::translate(x=10mm, y=0mm, z=0mm) -> 2D (1F793B3A04BA9046): MultiPolygon @0.25mm
                        - x = 10mm
                        - y = 0mm
                        - z = 0mm
                        Transform __builtin::ops::translate(x=10mm, y=0mm, z=0mm) -> 2D (2C6FAF7EC0867533): MultiPolygon @0.25mm
                          Workpiece(Sketch) std::geo2d::Rect(size=0.25mm) -> 2D (BDC2902BDB2DBA7): Rect @0.25mm
                            - height = 0.25mm
                            - width = 0.25mm
                            - x = -0.125mm
                            - y = -0.125mm
                            Primitive2D __builtin::geo2d::Rect(height=0.25mm, width=0.25mm, x=-0.125mm, y=-0.125mm) -> 2D (8A6DE5506EA3ED39): Rect @0.25mm
              Workpiece(Operation) std::ops::rotate(x=-2.0943951023932rad, y=0°, z=0°) -> 3D (BD8892E944783233): Mesh @0.25mm
                - matrix = Matrix3 [[1.0, 0.0, 0.0], [0.0, -0.4999999999999998, -0.8660254037844387], [0.0, 0.8660254037844387, -0.4999999999999998]]
                Transform __builtin::ops::rotate(matrix=Matrix3 [[1.0, 0.0, 0.0], [0.0, -0.4999999999999998, -0.8660254037844387], [0.0, 0.8660254037844387, -0.4999999999999998]]) -> 3D (B2A19B1B6D2F77D2): Mesh @0.25000000000000006mm
                  Workpiece(Operation) std::ops::revolve(angle=180°) -> 3D (D32BA050F7EC873E): Mesh @0.25000000000000006mm
                    - angle = 180°
                    Operation __builtin::ops::revolve(angle=180°) -> 3D (AFEE6AB5CCA1B78E): Mesh @0.25mm
                      Workpiece(Operation) std::ops::translate(x=10mm, y=0mm, z=0mm) -> 2D (1F793B3A04BA9046): MultiPolygon @0.25mm
                        - x = 10mm
                        - y = 0mm
                        - z = 0mm
                        Transform __builtin::ops::translate(x=10mm, y=0mm, z=0mm) -> 2D (2C6FAF7EC0867533): MultiPolygon @0.25mm
                          Workpiece(Sketch) std::geo2d::Rect(size=0.25mm) -> 2D (BDC2902BDB2DBA7): Rect @0.25mm
                            - height = 0.25mm
                            - width = 0.25mm
                            - x = -0.125mm
                            - y = -0.125mm
                            Primitive2D __builtin::geo2d::Rect(height=0.25mm, width=0.25mm, x=-0.125mm, y=-0.125mm) -> 2D (8A6DE5506EA3ED39): Rect @0.25mm
              Workpiece(Operation) std::ops::rotate(x=-2.61799387799149rad, y=0°, z=0°) -> 3D (DC5D3B28432FA5): Mesh @0.25mm
                - matrix = Matrix3 [[1.0, 0.0, 0.0], [0.0, -0.8660254037844387, -0.49999999999999994], [0.0, 0.49999999999999994, -0.8660254037844387]]
                Transform __builtin::ops::rotate(matrix=Matrix3 [[1.0, 0.0, 0.0], [0.0, -0.8660254037844387, -0.49999999999999994], [0.0, 0.49999999999999994, -0.8660254037844387]]) -> 3D (ADFCA4DF4D90B5F4): Mesh @0.25mm
                  Workpiece(Operation) std::ops::revolve(angle=180°) -> 3D (D32BA050F7EC873E): Mesh @0.25mm
                    - angle = 180°
                    Operation __builtin::ops::revolve(angle=180°) -> 3D (AFEE6AB5CCA1B78E): Mesh @0.25mm
                      Workpiece(Operation) std::ops::translate(x=10mm, y=0mm, z=0mm) -> 2D (1F793B3A04BA9046): MultiPolygon @0.25mm
                        - x = 10mm
                        - y = 0mm
                        - z = 0mm
                        Transform __builtin::ops::translate(x=10mm, y=0mm, z=0mm) -> 2D (2C6FAF7EC0867533): MultiPolygon @0.25mm
                          Workpiece(Sketch) std::geo2d::Rect(size=0.25mm) -> 2D (BDC2902BDB2DBA7): Rect @0.25mm
                            - height = 0.25mm
                            - width = 0.25mm
                            - x = -0.125mm
                            - y = -0.125mm
                            Primitive2D __builtin::geo2d::Rect(height=0.25mm, width=0.25mm, x=-0.125mm, y=-0.125mm) -> 2D (8A6DE5506EA3ED39): Rect @0.25mm
              Workpiece(Operation) std::ops::rotate(x=-3.14159265358979rad, y=0°, z=0°) -> 3D (6150DE4532F39636): Mesh @0.25mm
                - matrix = Matrix3 [[1.0, 0.0, 0.0], [0.0, -1.0, -1.2246467991473532e-16], [0.0, 1.2246467991473532e-16, -1.0]]
                Transform __builtin::ops::rotate(matrix=Matrix3 [[1.0, 0.0, 0.0], [0.0, -1.0, -1.2246467991473532e-16], [0.0, 1.2246467991473532e-16, -1.0]]) -> 3D (AF42292BD7D74876): Mesh @0.25mm
                  Workpiece(Operation) std::ops::revolve(angle=180°) -> 3D (D32BA050F7EC873E): Mesh @0.25mm
                    - angle = 180°
                    Operation __builtin::ops::revolve(angle=180°) -> 3D (AFEE6AB5CCA1B78E): Mesh @0.25mm
                      Workpiece(Operation) std::ops::translate(x=10mm, y=0mm, z=0mm) -> 2D (1F793B3A04BA9046): MultiPolygon @0.25mm
                        - x = 10mm
                        - y = 0mm
                        - z = 0mm
                        Transform __builtin::ops::translate(x=10mm, y=0mm, z=0mm) -> 2D (2C6FAF7EC0867533): MultiPolygon @0.25mm
                          Workpiece(Sketch) std::geo2d::Rect(size=0.25mm) -> 2D (BDC2902BDB2DBA7): Rect @0.25mm
                            - height = 0.25mm
                            - width = 0.25mm
                            - x = -0.125mm
                            - y = -0.125mm
                            Primitive2D __builtin::geo2d::Rect(height=0.25mm, width=0.25mm, x=-0.125mm, y=-0.125mm) -> 2D (8A6DE5506EA3ED39): Rect @0.25mm
        Workpiece(Operation) std::ops::rotate(x=0°, y=0°, z=1.0471975511966rad) -> 3D (F10B94B73AD7282E): Mesh @0.25mm
          - matrix = Matrix3 [[0.5000000000000001, 0.8660254037844386, 0.0], [-0.8660254037844386, 0.5000000000000001, 0.0], [0.0, 0.0, 1.0]]
          Transform __builtin::ops::rotate(matrix=Matrix3 [[0.5000000000000001, 0.8660254037844386, 0.0], [-0.8660254037844386, 0.5000000000000001, 0.0], [0.0, 0.0, 1.0]]) -> 3D (2E921C8895018587): Mesh @0.25mm
            Multiplicity -> 3D (EDB6F29DEF0761B2): Collection @0.25mm
              Workpiece(Operation) std::ops::rotate(x=0rad, y=0°, z=0°) -> 3D (A638DD144C6DDFBB): Mesh @0.25mm
                - matrix = Matrix3 [[1.0, 0.0, 0.0], [0.0, 1.0, 0.0], [0.0, 0.0, 1.0]]
                Transform __builtin::ops::rotate(matrix=Matrix3 [[1.0, 0.0, 0.0], [0.0, 1.0, 0.0], [0.0, 0.0, 1.0]]) -> 3D (4C770FEECE635EC0): Mesh @0.25mm
                  Workpiece(Operation) std::ops::revolve(angle=180°) -> 3D (D32BA050F7EC873E): Mesh @0.25mm
                    - angle = 180°
                    Operation __builtin::ops::revolve(angle=180°) -> 3D (AFEE6AB5CCA1B78E): Mesh @0.25mm
                      Workpiece(Operation) std::ops::translate(x=10mm, y=0mm, z=0mm) -> 2D (1F793B3A04BA9046): MultiPolygon @0.25mm
                        - x = 10mm
                        - y = 0mm
                        - z = 0mm
                        Transform __builtin::ops::translate(x=10mm, y=0mm, z=0mm) -> 2D (2C6FAF7EC0867533): MultiPolygon @0.25mm
                          Workpiece(Sketch) std::geo2d::Rect(size=0.25mm) -> 2D (BDC2902BDB2DBA7): Rect @0.25mm
                            - height = 0.25mm
                            - width = 0.25mm
                            - x = -0.125mm
                            - y = -0.125mm
                            Primitive2D __builtin::geo2d::Rect(height=0.25mm, width=0.25mm, x=-0.125mm, y=-0.125mm) -> 2D (8A6DE5506EA3ED39): Rect @0.25mm
              Workpiece(Operation) std::ops::rotate(x=-0.5235987755983rad, y=0°, z=0°) -> 3D (57326843126C48E9): Mesh @0.25mm
                - matrix = Matrix3 [[1.0, 0.0, 0.0], [0.0, 0.8660254037844387, -0.49999999999999994], [0.0, 0.49999999999999994, 0.8660254037844387]]
                Transform __builtin::ops::rotate(matrix=Matrix3 [[1.0, 0.0, 0.0], [0.0, 0.8660254037844387, -0.49999999999999994], [0.0, 0.49999999999999994, 0.8660254037844387]]) -> 3D (30CE09F29F23611A): Mesh @0.25mm
                  Workpiece(Operation) std::ops::revolve(angle=180°) -> 3D (D32BA050F7EC873E): Mesh @0.25mm
                    - angle = 180°
                    Operation __builtin::ops::revolve(angle=180°) -> 3D (AFEE6AB5CCA1B78E): Mesh @0.25mm
                      Workpiece(Operation) std::ops::translate(x=10mm, y=0mm, z=0mm) -> 2D (1F793B3A04BA9046): MultiPolygon @0.25mm
                        - x = 10mm
                        - y = 0mm
                        - z = 0mm
                        Transform __builtin::ops::translate(x=10mm, y=0mm, z=0mm) -> 2D (2C6FAF7EC0867533): MultiPolygon @0.25mm
                          Workpiece(Sketch) std::geo2d::Rect(size=0.25mm) -> 2D (BDC2902BDB2DBA7): Rect @0.25mm
                            - height = 0.25mm
                            - width = 0.25mm
                            - x = -0.125mm
                            - y = -0.125mm
                            Primitive2D __builtin::geo2d::Rect(height=0.25mm, width=0.25mm, x=-0.125mm, y=-0.125mm) -> 2D (8A6DE5506EA3ED39): Rect @0.25mm
              Workpiece(Operation) std::ops::rotate(x=-1.0471975511966rad, y=0°, z=0°) -> 3D (AF71C9CD009EAD9E): Mesh @0.25mm
                - matrix = Matrix3 [[1.0, 0.0, 0.0], [0.0, 0.5000000000000001, -0.8660254037844386], [0.0, 0.8660254037844386, 0.5000000000000001]]
                Transform __builtin::ops::rotate(matrix=Matrix3 [[1.0, 0.0, 0.0], [0.0, 0.5000000000000001, -0.8660254037844386], [0.0, 0.8660254037844386, 0.5000000000000001]]) -> 3D (4514C7616AD3D270): Mesh @0.25mm
                  Workpiece(Operation) std::ops::revolve(angle=180°) -> 3D (D32BA050F7EC873E): Mesh @0.25mm
                    - angle = 180°
                    Operation __builtin::ops::revolve(angle=180°) -> 3D (AFEE6AB5CCA1B78E): Mesh @0.25mm
                      Workpiece(Operation) std::ops::translate(x=10mm, y=0mm, z=0mm) -> 2D (1F793B3A04BA9046): MultiPolygon @0.25mm
                        - x = 10mm
                        - y = 0mm
                        - z = 0mm
                        Transform __builtin::ops::translate(x=10mm, y=0mm, z=0mm) -> 2D (2C6FAF7EC0867533): MultiPolygon @0.25mm
                          Workpiece(Sketch) std::geo2d::Rect(size=0.25mm) -> 2D (BDC2902BDB2DBA7): Rect @0.25mm
                            - height = 0.25mm
                            - width = 0.25mm
                            - x = -0.125mm
                            - y = -0.125mm
                            Primitive2D __builtin::geo2d::Rect(height=0.25mm, width=0.25mm, x=-0.125mm, y=-0.125mm) -> 2D (8A6DE5506EA3ED39): Rect @0.25mm
              Workpiece(Operation) std::ops::rotate(x=-1.5707963267949rad, y=0°, z=0°) -> 3D (645F9DDD3BE04A24): Mesh @0.25mm
                - matrix = Matrix3 [[1.0, 0.0, 0.0], [0.0, 6.123233995736766e-17, -1.0], [0.0, 1.0, 6.123233995736766e-17]]
                Transform __builtin::ops::rotate(matrix=Matrix3 [[1.0, 0.0, 0.0], [0.0, 6.123233995736766e-17, -1.0], [0.0, 1.0, 6.123233995736766e-17]]) -> 3D (F2386616BF8AFA08): Mesh @0.25mm
                  Workpiece(Operation) std::ops::revolve(angle=180°) -> 3D (D32BA050F7EC873E): Mesh @0.25mm
                    - angle = 180°
                    Operation __builtin::ops::revolve(angle=180°) -> 3D (AFEE6AB5CCA1B78E): Mesh @0.25mm
                      Workpiece(Operation) std::ops::translate(x=10mm, y=0mm, z=0mm) -> 2D (1F793B3A04BA9046): MultiPolygon @0.25mm
                        - x = 10mm
                        - y = 0mm
                        - z = 0mm
                        Transform __builtin::ops::translate(x=10mm, y=0mm, z=0mm) -> 2D (2C6FAF7EC0867533): MultiPolygon @0.25mm
                          Workpiece(Sketch) std::geo2d::Rect(size=0.25mm) -> 2D (BDC2902BDB2DBA7): Rect @0.25mm
                            - height = 0.25mm
                            - width = 0.25mm
                            - x = -0.125mm
                            - y = -0.125mm
                            Primitive2D __builtin::geo2d::Rect(height=0.25mm, width=0.25mm, x=-0.125mm, y=-0.125mm) -> 2D (8A6DE5506EA3ED39): Rect @0.25mm
              Workpiece(Operation) std::ops::rotate(x=-2.0943951023932rad, y=0°, z=0°) -> 3D (BD8892E944783233): Mesh @0.25mm
                - matrix = Matrix3 [[1.0, 0.0, 0.0], [0.0, -0.4999999999999998, -0.8660254037844387], [0.0, 0.8660254037844387, -0.4999999999999998]]
                Transform __builtin::ops::rotate(matrix=Matrix3 [[1.0, 0.0, 0.0], [0.0, -0.4999999999999998, -0.8660254037844387], [0.0, 0.8660254037844387, -0.4999999999999998]]) -> 3D (B2A19B1B6D2F77D2): Mesh @0.25000000000000006mm
                  Workpiece(Operation) std::ops::revolve(angle=180°) -> 3D (D32BA050F7EC873E): Mesh @0.25000000000000006mm
                    - angle = 180°
                    Operation __builtin::ops::revolve(angle=180°) -> 3D (AFEE6AB5CCA1B78E): Mesh @0.25mm
                      Workpiece(Operation) std::ops::translate(x=10mm, y=0mm, z=0mm) -> 2D (1F793B3A04BA9046): MultiPolygon @0.25mm
                        - x = 10mm
                        - y = 0mm
                        - z = 0mm
                        Transform __builtin::ops::translate(x=10mm, y=0mm, z=0mm) -> 2D (2C6FAF7EC0867533): MultiPolygon @0.25mm
                          Workpiece(Sketch) std::geo2d::Rect(size=0.25mm) -> 2D (BDC2902BDB2DBA7): Rect @0.25mm
                            - height = 0.25mm
                            - width = 0.25mm
                            - x = -0.125mm
                            - y = -0.125mm
                            Primitive2D __builtin::geo2d::Rect(height=0.25mm, width=0.25mm, x=-0.125mm, y=-0.125mm) -> 2D (8A6DE5506EA3ED39): Rect @0.25mm
              Workpiece(Operation) std::ops::rotate(x=-2.61799387799149rad, y=0°, z=0°) -> 3D (DC5D3B28432FA5): Mesh @0.25mm
                - matrix = Matrix3 [[1.0, 0.0, 0.0], [0.0, -0.8660254037844387, -0.49999999999999994], [0.0, 0.49999999999999994, -0.8660254037844387]]
                Transform __builtin::ops::rotate(matrix=Matrix3 [[1.0, 0.0, 0.0], [0.0, -0.8660254037844387, -0.49999999999999994], [0.0, 0.49999999999999994, -0.8660254037844387]]) -> 3D (ADFCA4DF4D90B5F4): Mesh @0.25mm
                  Workpiece(Operation) std::ops::revolve(angle=180°) -> 3D (D32BA050F7EC873E): Mesh @0.25mm
                    - angle = 180°
                    Operation __builtin::ops::revolve(angle=180°) -> 3D (AFEE6AB5CCA1B78E): Mesh @0.25mm
                      Workpiece(Operation) std::ops::translate(x=10mm, y=0mm, z=0mm) -> 2D (1F793B3A04BA9046): MultiPolygon @0.25mm
                        - x = 10mm
                        - y = 0mm
                        - z = 0mm
                        Transform __builtin::ops::translate(x=10mm, y=0mm, z=0mm) -> 2D (2C6FAF7EC0867533): MultiPolygon @0.25mm
                          Workpiece(Sketch) std::geo2d::Rect(size=0.25mm) -> 2D (BDC2902BDB2DBA7): Rect @0.25mm
                            - height = 0.25mm
                            - width = 0.25mm
                            - x = -0.125mm
                            - y = -0.125mm
                            Primitive2D __builtin::geo2d::Rect(height=0.25mm, width=0.25mm, x=-0.125mm, y=-0.125mm) -> 2D (8A6DE5506EA3ED39): Rect @0.25mm
              Workpiece(Operation) std::ops::rotate(x=-3.14159265358979rad, y=0°, z=0°) -> 3D (6150DE4532F39636): Mesh @0.25mm
                - matrix = Matrix3 [[1.0, 0.0, 0.0], [0.0, -1.0, -1.2246467991473532e-16], [0.0, 1.2246467991473532e-16, -1.0]]
                Transform __builtin::ops::rotate(matrix=Matrix3 [[1.0, 0.0, 0.0], [0.0, -1.0, -1.2246467991473532e-16], [0.0, 1.2246467991473532e-16, -1.0]]) -> 3D (AF42292BD7D74876): Mesh @0.25mm
                  Workpiece(Operation) std::ops::revolve(angle=180°) -> 3D (D32BA050F7EC873E): Mesh @0.25mm
                    - angle = 180°
                    Operation __builtin::ops::revolve(angle=180°) -> 3D (AFEE6AB5CCA1B78E): Mesh @0.25mm
                      Workpiece(Operation) std::ops::translate(x=10mm, y=0mm, z=0mm) -> 2D (1F793B3A04BA9046): MultiPolygon @0.25mm
                        - x = 10mm
                        - y = 0mm
                        - z = 0mm
                        Transform __builtin::ops::translate(x=10mm, y=0mm, z=0mm) -> 2D (2C6FAF7EC0867533): MultiPolygon @0.25mm
                          Workpiece(Sketch) std::geo2d::Rect(size=0.25mm) -> 2D (BDC2902BDB2DBA7): Rect @0.25mm
                            - height = 0.25mm
                            - width = 0.25mm
                            - x = -0.125mm
                            - y = -0.125mm
                            Primitive2D __builtin::geo2d::Rect(height=0.25mm, width=0.25mm, x=-0.125mm, y=-0.125mm) -> 2D (8A6DE5506EA3ED39): Rect @0.25mm
        Workpiece(Operation) std::ops::rotate(x=0°, y=0°, z=2.0943951023932rad) -> 3D (CC2CDE61F67B7CEC): Mesh @0.25mm
          - matrix = Matrix3 [[-0.4999999999999998, 0.8660254037844387, 0.0], [-0.8660254037844387, -0.4999999999999998, 0.0], [0.0, 0.0, 1.0]]
          Transform __builtin::ops::rotate(matrix=Matrix3 [[-0.4999999999999998, 0.8660254037844387, 0.0], [-0.8660254037844387, -0.4999999999999998, 0.0], [0.0, 0.0, 1.0]]) -> 3D (4A52CF1D26E22A13): Mesh @0.25000000000000006mm
            Multiplicity -> 3D (EDB6F29DEF0761B2): Collection @0.25000000000000006mm
              Workpiece(Operation) std::ops::rotate(x=0rad, y=0°, z=0°) -> 3D (A638DD144C6DDFBB): Mesh @0.25mm
                - matrix = Matrix3 [[1.0, 0.0, 0.0], [0.0, 1.0, 0.0], [0.0, 0.0, 1.0]]
                Transform __builtin::ops::rotate(matrix=Matrix3 [[1.0, 0.0, 0.0], [0.0, 1.0, 0.0], [0.0, 0.0, 1.0]]) -> 3D (4C770FEECE635EC0): Mesh @0.25mm
                  Workpiece(Operation) std::ops::revolve(angle=180°) -> 3D (D32BA050F7EC873E): Mesh @0.25mm
                    - angle = 180°
                    Operation __builtin::ops::revolve(angle=180°) -> 3D (AFEE6AB5CCA1B78E): Mesh @0.25mm
                      Workpiece(Operation) std::ops::translate(x=10mm, y=0mm, z=0mm) -> 2D (1F793B3A04BA9046): MultiPolygon @0.25mm
                        - x = 10mm
                        - y = 0mm
                        - z = 0mm
                        Transform __builtin::ops::translate(x=10mm, y=0mm, z=0mm) -> 2D (2C6FAF7EC0867533): MultiPolygon @0.25mm
                          Workpiece(Sketch) std::geo2d::Rect(size=0.25mm) -> 2D (BDC2902BDB2DBA7): Rect @0.25mm
                            - height = 0.25mm
                            - width = 0.25mm
                            - x = -0.125mm
                            - y = -0.125mm
                            Primitive2D __builtin::geo2d::Rect(height=0.25mm, width=0.25mm, x=-0.125mm, y=-0.125mm) -> 2D (8A6DE5506EA3ED39): Rect @0.25mm
              Workpiece(Operation) std::ops::rotate(x=-0.5235987755983rad, y=0°, z=0°) -> 3D (57326843126C48E9): Mesh @0.25mm
                - matrix = Matrix3 [[1.0, 0.0, 0.0], [0.0, 0.8660254037844387, -0.49999999999999994], [0.0, 0.49999999999999994, 0.8660254037844387]]
                Transform __builtin::ops::rotate(matrix=Matrix3 [[1.0, 0.0, 0.0], [0.0, 0.8660254037844387, -0.49999999999999994], [0.0, 0.49999999999999994, 0.8660254037844387]]) -> 3D (30CE09F29F23611A): Mesh @0.25mm
                  Workpiece(Operation) std::ops::revolve(angle=180°) -> 3D (D32BA050F7EC873E): Mesh @0.25mm
                    - angle = 180°
                    Operation __builtin::ops::revolve(angle=180°) -> 3D (AFEE6AB5CCA1B78E): Mesh @0.25mm
                      Workpiece(Operation) std::ops::translate(x=10mm, y=0mm, z=0mm) -> 2D (1F793B3A04BA9046): MultiPolygon @0.25mm
                        - x = 10mm
                        - y = 0mm
                        - z = 0mm
                        Transform __builtin::ops::translate(x=10mm, y=0mm, z=0mm) -> 2D (2C6FAF7EC0867533): MultiPolygon @0.25mm
                          Workpiece(Sketch) std::geo2d::Rect(size=0.25mm) -> 2D (BDC2902BDB2DBA7): Rect @0.25mm
                            - height = 0.25mm
                            - width = 0.25mm
                            - x = -0.125mm
                            - y = -0.125mm
                            Primitive2D __builtin::geo2d::Rect(height=0.25mm, width=0.25mm, x=-0.125mm, y=-0.125mm) -> 2D (8A6DE5506EA3ED39): Rect @0.25mm
              Workpiece(Operation) std::ops::rotate(x=-1.0471975511966rad, y=0°, z=0°) -> 3D (AF71C9CD009EAD9E): Mesh @0.25mm
                - matrix = Matrix3 [[1.0, 0.0, 0.0], [0.0, 0.5000000000000001, -0.8660254037844386], [0.0, 0.8660254037844386, 0.5000000000000001]]
                Transform __builtin::ops::rotate(matrix=Matrix3 [[1.0, 0.0, 0.0], [0.0, 0.5000000000000001, -0.8660254037844386], [0.0, 0.8660254037844386, 0.5000000000000001]]) -> 3D (4514C7616AD3D270): Mesh @0.25mm
                  Workpiece(Operation) std::ops::revolve(angle=180°) -> 3D (D32BA050F7EC873E): Mesh @0.25mm
                    - angle = 180°
                    Operation __builtin::ops::revolve(angle=180°) -> 3D (AFEE6AB5CCA1B78E): Mesh @0.25mm
                      Workpiece(Operation) std::ops::translate(x=10mm, y=0mm, z=0mm) -> 2D (1F793B3A04BA9046): MultiPolygon @0.25mm
                        - x = 10mm
                        - y = 0mm
                        - z = 0mm
                        Transform __builtin::ops::translate(x=10mm, y=0mm, z=0mm) -> 2D (2C6FAF7EC0867533): MultiPolygon @0.25mm
                          Workpiece(Sketch) std::geo2d::Rect(size=0.25mm) -> 2D (BDC2902BDB2DBA7): Rect @0.25mm
                            - height = 0.25mm
                            - width = 0.25mm
                            - x = -0.125mm
                            - y = -0.125mm
                            Primitive2D __builtin::geo2d::Rect(height=0.25mm, width=0.25mm, x=-0.125mm, y=-0.125mm) -> 2D (8A6DE5506EA3ED39): Rect @0.25mm
              Workpiece(Operation) std::ops::rotate(x=-1.5707963267949rad, y=0°, z=0°) -> 3D (645F9DDD3BE04A24): Mesh @0.25mm
                - matrix = Matrix3 [[1.0, 0.0, 0.0], [0.0, 6.123233995736766e-17, -1.0], [0.0, 1.0, 6.123233995736766e-17]]
                Transform __builtin::ops::rotate(matrix=Matrix3 [[1.0, 0.0, 0.0], [0.0, 6.123233995736766e-17, -1.0], [0.0, 1.0, 6.123233995736766e-17]]) -> 3D (F2386616BF8AFA08): Mesh @0.25mm
                  Workpiece(Operation) std::ops::revolve(angle=180°) -> 3D (D32BA050F7EC873E): Mesh @0.25mm
                    - angle = 180°
                    Operation __builtin::ops::revolve(angle=180°) -> 3D (AFEE6AB5CCA1B78E): Mesh @0.25mm
                      Workpiece(Operation) std::ops::translate(x=10mm, y=0mm, z=0mm) -> 2D (1F793B3A04BA9046): MultiPolygon @0.25mm
                        - x = 10mm
                        - y = 0mm
                        - z = 0mm
                        Transform __builtin::ops::translate(x=10mm, y=0mm, z=0mm) -> 2D (2C6FAF7EC0867533): MultiPolygon @0.25mm
                          Workpiece(Sketch) std::geo2d::Rect(size=0.25mm) -> 2D (BDC2902BDB2DBA7): Rect @0.25mm
                            - height = 0.25mm
                            - width = 0.25mm
                            - x = -0.125mm
                            - y = -0.125mm
                            Primitive2D __builtin::geo2d::Rect(height=0.25mm, width=0.25mm, x=-0.125mm, y=-0.125mm) -> 2D (8A6DE5506EA3ED39): Rect @0.25mm
              Workpiece(Operation) std::ops::rotate(x=-2.0943951023932rad, y=0°, z=0°) -> 3D (BD8892E944783233): Mesh @0.25mm
                - matrix = Matrix3 [[1.0, 0.0, 0.0], [0.0, -0.4999999999999998, -0.8660254037844387], [0.0, 0.8660254037844387, -0.4999999999999998]]
                Transform __builtin::ops::rotate(matrix=Matrix3 [[1.0, 0.0, 0.0], [0.0, -0.4999999999999998, -0.8660254037844387], [0.0, 0.8660254037844387, -0.4999999999999998]]) -> 3D (B2A19B1B6D2F77D2): Mesh @0.25000000000000006mm
                  Workpiece(Operation) std::ops::revolve(angle=180°) -> 3D (D32BA050F7EC873E): Mesh @0.25000000000000006mm
                    - angle = 180°
                    Operation __builtin::ops::revolve(angle=180°) -> 3D (AFEE6AB5CCA1B78E): Mesh @0.25mm
                      Workpiece(Operation) std::ops::translate(x=10mm, y=0mm, z=0mm) -> 2D (1F793B3A04BA9046): MultiPolygon @0.25mm
                        - x = 10mm
                        - y = 0mm
                        - z = 0mm
                        Transform __builtin::ops::translate(x=10mm, y=0mm, z=0mm) -> 2D (2C6FAF7EC0867533): MultiPolygon @0.25mm
                          Workpiece(Sketch) std::geo2d::Rect(size=0.25mm) -> 2D (BDC2902BDB2DBA7): Rect @0.25mm
                            - height = 0.25mm
                            - width = 0.25mm
                            - x = -0.125mm
                            - y = -0.125mm
                            Primitive2D __builtin::geo2d::Rect(height=0.25mm, width=0.25mm, x=-0.125mm, y=-0.125mm) -> 2D (8A6DE5506EA3ED39): Rect @0.25mm
              Workpiece(Operation) std::ops::rotate(x=-2.61799387799149rad, y=0°, z=0°) -> 3D (DC5D3B28432FA5): Mesh @0.25mm
                - matrix = Matrix3 [[1.0, 0.0, 0.0], [0.0, -0.8660254037844387, -0.49999999999999994], [0.0, 0.49999999999999994, -0.8660254037844387]]
                Transform __builtin::ops::rotate(matrix=Matrix3 [[1.0, 0.0, 0.0], [0.0, -0.8660254037844387, -0.49999999999999994], [0.0, 0.49999999999999994, -0.8660254037844387]]) -> 3D (ADFCA4DF4D90B5F4): Mesh @0.25mm
                  Workpiece(Operation) std::ops::revolve(angle=180°) -> 3D (D32BA050F7EC873E): Mesh @0.25mm
                    - angle = 180°
                    Operation __builtin::ops::revolve(angle=180°) -> 3D (AFEE6AB5CCA1B78E): Mesh @0.25mm
                      Workpiece(Operation) std::ops::translate(x=10mm, y=0mm, z=0mm) -> 2D (1F793B3A04BA9046): MultiPolygon @0.25mm
                        - x = 10mm
                        - y = 0mm
                        - z = 0mm
                        Transform __builtin::ops::translate(x=10mm, y=0mm, z=0mm) -> 2D (2C6FAF7EC0867533): MultiPolygon @0.25mm
                          Workpiece(Sketch) std::geo2d::Rect(size=0.25mm) -> 2D (BDC2902BDB2DBA7): Rect @0.25mm
                            - height = 0.25mm
                            - width = 0.25mm
                            - x = -0.125mm
                            - y = -0.125mm
                            Primitive2D __builtin::geo2d::Rect(height=0.25mm, width=0.25mm, x=-0.125mm, y=-0.125mm) -> 2D (8A6DE5506EA3ED39): Rect @0.25mm
              Workpiece(Operation) std::ops::rotate(x=-3.14159265358979rad, y=0°, z=0°) -> 3D (6150DE4532F39636): Mesh @0.25mm
                - matrix = Matrix3 [[1.0, 0.0, 0.0], [0.0, -1.0, -1.2246467991473532e-16], [0.0, 1.2246467991473532e-16, -1.0]]
                Transform __builtin::ops::rotate(matrix=Matrix3 [[1.0, 0.0, 0.0], [0.0, -1.0, -1.2246467991473532e-16], [0.0, 1.2246467991473532e-16, -1.0]]) -> 3D (AF42292BD7D74876): Mesh @0.25mm
                  Workpiece(Operation) std::ops::revolve(angle=180°) -> 3D (D32BA050F7EC873E): Mesh @0.25mm
                    - angle = 180°
                    Operation __builtin::ops::revolve(angle=180°) -> 3D (AFEE6AB5CCA1B78E): Mesh @0.25mm
                      Workpiece(Operation) std::ops::translate(x=10mm, y=0mm, z=0mm) -> 2D (1F793B3A04BA9046): MultiPolygon @0.25mm
                        - x = 10mm
                        - y = 0mm
                        - z = 0mm
                        Transform __builtin::ops::translate(x=10mm, y=0mm, z=0mm) -> 2D (2C6FAF7EC0867533): MultiPolygon @0.25mm
                          Workpiece(Sketch) std::geo2d::Rect(size=0.25mm) -> 2D (BDC2902BDB2DBA7): Rect @0.25mm
                            - height = 0.25mm
                            - width = 0.25mm
                            - x = -0.125mm
                            - y = -0.125mm
                            Primitive2D __builtin::geo2d::Rect(height=0.25mm, width=0.25mm, x=-0.125mm, y=-0.125mm) -> 2D (8A6DE5506EA3ED39): Rect @0.25mm
        Workpiece(Operation) std::ops::rotate(x=0°, y=0°, z=3.14159265358979rad) -> 3D (C0E3F71869F21D86): Mesh @0.25mm
          - matrix = Matrix3 [[-1.0, 1.2246467991473532e-16, 0.0], [-1.2246467991473532e-16, -1.0, 0.0], [0.0, 0.0, 1.0]]
          Transform __builtin::ops::rotate(matrix=Matrix3 [[-1.0, 1.2246467991473532e-16, 0.0], [-1.2246467991473532e-16, -1.0, 0.0], [0.0, 0.0, 1.0]]) -> 3D (DDD01BBB955A887A): Mesh @0.25mm
            Multiplicity -> 3D (EDB6F29DEF0761B2): Collection @0.25mm
              Workpiece(Operation) std::ops::rotate(x=0rad, y=0°, z=0°) -> 3D (A638DD144C6DDFBB): Mesh @0.25mm
                - matrix = Matrix3 [[1.0, 0.0, 0.0], [0.0, 1.0, 0.0], [0.0, 0.0, 1.0]]
                Transform __builtin::ops::rotate(matrix=Matrix3 [[1.0, 0.0, 0.0], [0.0, 1.0, 0.0], [0.0, 0.0, 1.0]]) -> 3D (4C770FEECE635EC0): Mesh @0.25mm
                  Workpiece(Operation) std::ops::revolve(angle=180°) -> 3D (D32BA050F7EC873E): Mesh @0.25mm
                    - angle = 180°
                    Operation __builtin::ops::revolve(angle=180°) -> 3D (AFEE6AB5CCA1B78E): Mesh @0.25mm
                      Workpiece(Operation) std::ops::translate(x=10mm, y=0mm, z=0mm) -> 2D (1F793B3A04BA9046): MultiPolygon @0.25mm
                        - x = 10mm
                        - y = 0mm
                        - z = 0mm
                        Transform __builtin::ops::translate(x=10mm, y=0mm, z=0mm) -> 2D (2C6FAF7EC0867533): MultiPolygon @0.25mm
                          Workpiece(Sketch) std::geo2d::Rect(size=0.25mm) -> 2D (BDC2902BDB2DBA7): Rect @0.25mm
                            - height = 0.25mm
                            - width = 0.25mm
                            - x = -0.125mm
                            - y = -0.125mm
                            Primitive2D __builtin::geo2d::Rect(height=0.25mm, width=0.25mm, x=-0.125mm, y=-0.125mm) -> 2D (8A6DE5506EA3ED39): Rect @0.25mm
              Workpiece(Operation) std::ops::rotate(x=-0.5235987755983rad, y=0°, z=0°) -> 3D (57326843126C48E9): Mesh @0.25mm
                - matrix = Matrix3 [[1.0, 0.0, 0.0], [0.0, 0.8660254037844387, -0.49999999999999994], [0.0, 0.49999999999999994, 0.8660254037844387]]
                Transform __builtin::ops::rotate(matrix=Matrix3 [[1.0, 0.0, 0.0], [0.0, 0.8660254037844387, -0.49999999999999994], [0.0, 0.49999999999999994, 0.8660254037844387]]) -> 3D (30CE09F29F23611A): Mesh @0.25mm
                  Workpiece(Operation) std::ops::revolve(angle=180°) -> 3D (D32BA050F7EC873E): Mesh @0.25mm
                    - angle = 180°
                    Operation __builtin::ops::revolve(angle=180°) -> 3D (AFEE6AB5CCA1B78E): Mesh @0.25mm
                      Workpiece(Operation) std::ops::translate(x=10mm, y=0mm, z=0mm) -> 2D (1F793B3A04BA9046): MultiPolygon @0.25mm
                        - x = 10mm
                        - y = 0mm
                        - z = 0mm
                        Transform __builtin::ops::translate(x=10mm, y=0mm, z=0mm) -> 2D (2C6FAF7EC0867533): MultiPolygon @0.25mm
                          Workpiece(Sketch) std::geo2d::Rect(size=0.25mm) -> 2D (BDC2902BDB2DBA7): Rect @0.25mm
                            - height = 0.25mm
                            - width = 0.25mm
                            - x = -0.125mm
                            - y = -0.125mm
                            Primitive2D __builtin::geo2d::Rect(height=0.25mm, width=0.25mm, x=-0.125mm, y=-0.125mm) -> 2D (8A6DE5506EA3ED39): Rect @0.25mm
              Workpiece(Operation) std::ops::rotate(x=-1.0471975511966rad, y=0°, z=0°) -> 3D (AF71C9CD009EAD9E): Mesh @0.25mm
                - matrix = Matrix3 [[1.0, 0.0, 0.0], [0.0, 0.5000000000000001, -0.8660254037844386], [0.0, 0.8660254037844386, 0.5000000000000001]]
                Transform __builtin::ops::rotate(matrix=Matrix3 [[1.0, 0.0, 0.0], [0.0, 0.5000000000000001, -0.8660254037844386], [0.0, 0.8660254037844386, 0.5000000000000001]]) -> 3D (4514C7616AD3D270): Mesh @0.25mm
                  Workpiece(Operation) std::ops::revolve(angle=180°) -> 3D (D32BA050F7EC873E): Mesh @0.25mm
                    - angle = 180°
                    Operation __builtin::ops::revolve(angle=180°) -> 3D (AFEE6AB5CCA1B78E): Mesh @0.25mm
                      Workpiece(Operation) std::ops::translate(x=10mm, y=0mm, z=0mm) -> 2D (1F793B3A04BA9046): MultiPolygon @0.25mm
                        - x = 10mm
                        - y = 0mm
                        - z = 0mm
                        Transform __builtin::ops::translate(x=10mm, y=0mm, z=0mm) -> 2D (2C6FAF7EC0867533): MultiPolygon @0.25mm
                          Workpiece(Sketch) std::geo2d::Rect(size=0.25mm) -> 2D (BDC2902BDB2DBA7): Rect @0.25mm
                            - height = 0.25mm
                            - width = 0.25mm
                            - x = -0.125mm
                            - y = -0.125mm
                            Primitive2D __builtin::geo2d::Rect(height=0.25mm, width=0.25mm, x=-0.125mm, y=-0.125mm) -> 2D (8A6DE5506EA3ED39): Rect @0.25mm
              Workpiece(Operation) std::ops::rotate(x=-1.5707963267949rad, y=0°, z=0°) -> 3D (645F9DDD3BE04A24): Mesh @0.25mm
                - matrix = Matrix3 [[1.0, 0.0, 0.0], [0.0, 6.123233995736766e-17, -1.0], [0.0, 1.0, 6.123233995736766e-17]]
                Transform __builtin::ops::rotate(matrix=Matrix3 [[1.0, 0.0, 0.0], [0.0, 6.123233995736766e-17, -1.0], [0.0, 1.0, 6.123233995736766e-17]]) -> 3D (F2386616BF8AFA08): Mesh @0.25mm
